{
 "cells": [
  {
   "cell_type": "code",
   "execution_count": 1,
   "id": "c1b85cb7-a6e6-4ba9-bd49-46a00aebb377",
   "metadata": {},
   "outputs": [],
   "source": [
    "import pandas as pd\n",
    "import numpy as np\n",
    "import seaborn as sns\n",
    "import statsmodels.formula.api as smf\n",
    "from statsmodels.graphics.regressionplots import influence_plot\n",
    "import numpy as np"
   ]
  },
  {
   "cell_type": "code",
   "execution_count": 3,
   "id": "038d33b3-fd30-485e-b7c7-bfa7b3323637",
   "metadata": {},
   "outputs": [
    {
     "data": {
      "text/html": [
       "<div>\n",
       "<style scoped>\n",
       "    .dataframe tbody tr th:only-of-type {\n",
       "        vertical-align: middle;\n",
       "    }\n",
       "\n",
       "    .dataframe tbody tr th {\n",
       "        vertical-align: top;\n",
       "    }\n",
       "\n",
       "    .dataframe thead th {\n",
       "        text-align: right;\n",
       "    }\n",
       "</style>\n",
       "<table border=\"1\" class=\"dataframe\">\n",
       "  <thead>\n",
       "    <tr style=\"text-align: right;\">\n",
       "      <th></th>\n",
       "      <th>HP</th>\n",
       "      <th>MPG</th>\n",
       "      <th>VOL</th>\n",
       "      <th>SP</th>\n",
       "      <th>WT</th>\n",
       "    </tr>\n",
       "  </thead>\n",
       "  <tbody>\n",
       "    <tr>\n",
       "      <th>0</th>\n",
       "      <td>49</td>\n",
       "      <td>53.700681</td>\n",
       "      <td>89</td>\n",
       "      <td>104.185353</td>\n",
       "      <td>28.762059</td>\n",
       "    </tr>\n",
       "    <tr>\n",
       "      <th>1</th>\n",
       "      <td>55</td>\n",
       "      <td>50.013401</td>\n",
       "      <td>92</td>\n",
       "      <td>105.461264</td>\n",
       "      <td>30.466833</td>\n",
       "    </tr>\n",
       "    <tr>\n",
       "      <th>2</th>\n",
       "      <td>55</td>\n",
       "      <td>50.013401</td>\n",
       "      <td>92</td>\n",
       "      <td>105.461264</td>\n",
       "      <td>30.193597</td>\n",
       "    </tr>\n",
       "    <tr>\n",
       "      <th>3</th>\n",
       "      <td>70</td>\n",
       "      <td>45.696322</td>\n",
       "      <td>92</td>\n",
       "      <td>113.461264</td>\n",
       "      <td>30.632114</td>\n",
       "    </tr>\n",
       "    <tr>\n",
       "      <th>4</th>\n",
       "      <td>53</td>\n",
       "      <td>50.504232</td>\n",
       "      <td>92</td>\n",
       "      <td>104.461264</td>\n",
       "      <td>29.889149</td>\n",
       "    </tr>\n",
       "  </tbody>\n",
       "</table>\n",
       "</div>"
      ],
      "text/plain": [
       "   HP        MPG  VOL          SP         WT\n",
       "0  49  53.700681   89  104.185353  28.762059\n",
       "1  55  50.013401   92  105.461264  30.466833\n",
       "2  55  50.013401   92  105.461264  30.193597\n",
       "3  70  45.696322   92  113.461264  30.632114\n",
       "4  53  50.504232   92  104.461264  29.889149"
      ]
     },
     "execution_count": 3,
     "metadata": {},
     "output_type": "execute_result"
    }
   ],
   "source": [
    "#Read the data from csv file\n",
    "cars=pd.read_csv(\"Cars.csv\")\n",
    "cars.head()"
   ]
  },
  {
   "cell_type": "code",
   "execution_count": 5,
   "id": "271e8d03-fdb1-48e4-b4b1-84ac71ec43dc",
   "metadata": {},
   "outputs": [
    {
     "data": {
      "text/html": [
       "<div>\n",
       "<style scoped>\n",
       "    .dataframe tbody tr th:only-of-type {\n",
       "        vertical-align: middle;\n",
       "    }\n",
       "\n",
       "    .dataframe tbody tr th {\n",
       "        vertical-align: top;\n",
       "    }\n",
       "\n",
       "    .dataframe thead th {\n",
       "        text-align: right;\n",
       "    }\n",
       "</style>\n",
       "<table border=\"1\" class=\"dataframe\">\n",
       "  <thead>\n",
       "    <tr style=\"text-align: right;\">\n",
       "      <th></th>\n",
       "      <th>HP</th>\n",
       "      <th>VOL</th>\n",
       "      <th>SP</th>\n",
       "      <th>WT</th>\n",
       "      <th>MPG</th>\n",
       "    </tr>\n",
       "  </thead>\n",
       "  <tbody>\n",
       "    <tr>\n",
       "      <th>0</th>\n",
       "      <td>49</td>\n",
       "      <td>89</td>\n",
       "      <td>104.185353</td>\n",
       "      <td>28.762059</td>\n",
       "      <td>53.700681</td>\n",
       "    </tr>\n",
       "    <tr>\n",
       "      <th>1</th>\n",
       "      <td>55</td>\n",
       "      <td>92</td>\n",
       "      <td>105.461264</td>\n",
       "      <td>30.466833</td>\n",
       "      <td>50.013401</td>\n",
       "    </tr>\n",
       "    <tr>\n",
       "      <th>2</th>\n",
       "      <td>55</td>\n",
       "      <td>92</td>\n",
       "      <td>105.461264</td>\n",
       "      <td>30.193597</td>\n",
       "      <td>50.013401</td>\n",
       "    </tr>\n",
       "    <tr>\n",
       "      <th>3</th>\n",
       "      <td>70</td>\n",
       "      <td>92</td>\n",
       "      <td>113.461264</td>\n",
       "      <td>30.632114</td>\n",
       "      <td>45.696322</td>\n",
       "    </tr>\n",
       "    <tr>\n",
       "      <th>4</th>\n",
       "      <td>53</td>\n",
       "      <td>92</td>\n",
       "      <td>104.461264</td>\n",
       "      <td>29.889149</td>\n",
       "      <td>50.504232</td>\n",
       "    </tr>\n",
       "  </tbody>\n",
       "</table>\n",
       "</div>"
      ],
      "text/plain": [
       "   HP  VOL          SP         WT        MPG\n",
       "0  49   89  104.185353  28.762059  53.700681\n",
       "1  55   92  105.461264  30.466833  50.013401\n",
       "2  55   92  105.461264  30.193597  50.013401\n",
       "3  70   92  113.461264  30.632114  45.696322\n",
       "4  53   92  104.461264  29.889149  50.504232"
      ]
     },
     "execution_count": 5,
     "metadata": {},
     "output_type": "execute_result"
    }
   ],
   "source": [
    "#Rearrange the columns\n",
    "cars=pd.DataFrame(cars, columns=[\"HP\",\"VOL\",\"SP\",\"WT\",\"MPG\"])\n",
    "cars.head()"
   ]
  },
  {
   "cell_type": "markdown",
   "id": "cc5077e4-b61e-4310-951e-1a0757bbfccf",
   "metadata": {},
   "source": [
    "### Desceiption os columns\n",
    "- MPG : Milege of car (Mile perGallon) (This is Y-column to be predicted)\n",
    "- HP : Horse Power of the car (X1 column)\n",
    "- VOL : Volume of the car (Size) (X2 column)\n",
    "- Sp : Top speed of the car (Miles per Hour) (X3 column)\n",
    "- WT : Weight of the car (Pounds) (X$ Column)"
   ]
  },
  {
   "cell_type": "code",
   "execution_count": null,
   "id": "e71f335d-b824-4b04-aae4-9615feacb49c",
   "metadata": {},
   "outputs": [],
   "source": []
  }
 ],
 "metadata": {
  "kernelspec": {
   "display_name": "Python [conda env:base] *",
   "language": "python",
   "name": "conda-base-py"
  },
  "language_info": {
   "codemirror_mode": {
    "name": "ipython",
    "version": 3
   },
   "file_extension": ".py",
   "mimetype": "text/x-python",
   "name": "python",
   "nbconvert_exporter": "python",
   "pygments_lexer": "ipython3",
   "version": "3.12.7"
  }
 },
 "nbformat": 4,
 "nbformat_minor": 5
}
